0.00000000
0.12533323
0.24868989
0.36812455
0.48175367
0.58778525
0.68454711
0.77051324
0.84432793
0.90482705
0.95105652
0.98228725
0.99802673
0.99802673
0.98228725
0.95105652
0.90482705
0.84432793
0.77051324
0.68454711
0.58778525
0.48175367
0.36812455
0.24868989
0.12533323
-0.00000000
-0.12533323
-0.24868989
-0.36812455
-0.48175367
-0.58778525
-0.68454711
-0.77051324
-0.84432793
-0.90482705
-0.95105652
-0.98228725
-0.99802673
-0.99802673
-0.98228725
-0.95105652
-0.90482705
-0.84432793
-0.77051324
-0.68454711
-0.58778525
-0.48175367
-0.36812455
-0.24868989
-0.12533323
