0.00000000
0.06264832
0.12505052
0.18696144
0.24813785
0.30833940
0.36732959
0.42487667
0.48075454
0.53474369
0.58663200
0.63621563
0.68329978
0.72769947
0.76924027
0.80775897
0.84310425
0.87513726
0.90373214
0.92877655
0.95017211
0.96783475
0.98169509
0.99169867
0.99780619
0.99999366
0.99825248
0.99258950
0.98302696
0.96960243
0.95236865
0.93139333
0.90675887
0.87856205
0.84691365
0.81193801
0.77377252
0.73256714
0.68848375
0.64169553
0.59238630
0.54074978
0.48698882
0.43131465
0.37394599
0.31510822
0.25503249
0.19395482
0.13211516
0.06975647
0.00712373
-0.05553700
-0.11797954
-0.17995858
-0.24123062
-0.30155494
-0.36069455
-0.41841712
-0.47449586
-0.52871046
-0.58084794
-0.63070345
-0.67808114
-0.72279486
-0.76466897
-0.80353894
-0.83925207
-0.87166806
-0.90065955
-0.92611264
-0.94792735
-0.96601795
-0.98031339
-0.99075751
-0.99730926
-0.99994291
-0.99864811
-0.99342996
-0.98430894
-0.97132090
-0.95451686
-0.93396283
-0.90973958
-0.88194225
-0.85068007
-0.81607584
-0.77826552
-0.73739764
-0.69363278
-0.64714286
-0.59811053
-0.54672842
-0.49319839
-0.43773075
-0.38054341
-0.32186104
-0.26191418
-0.20093835
-0.13917310
-0.07686108
-0.01424710
0.04842285
0.11090256
0.17294658
0.23431114
0.29475517
0.35404121
0.41193634
0.46821310
0.52265041
0.57503439
0.62515926
0.67282808
0.71785358
0.76005887
0.79927813
0.83535730
0.86815462
0.89754125
0.92340174
0.94563448
0.96415214
0.97888195
0.98976607
0.99676172
0.99984142
0.99899307
0.99422000
0.98554098
0.97299008
0.95661663
0.93648495
0.91267412
0.88527770
0.85440331
0.82017225
0.78271901
0.74219072
0.69874661
0.65255735
0.60380441
0.55267932
0.49938293
0.44412464
0.38712152
0.32859753
0.26878259
0.20791169
0.14622397
0.08396179
0.02136975
-0.04130624
-0.10381996
-0.16592580
-0.22737978
-0.28794045
-0.34736990
-0.40543465
-0.46190658
-0.51656383
-0.56919167
-0.61958334
-0.66754088
-0.71287586
-0.75541019
-0.79497677
-0.83142014
-0.86459713
-0.89437741
-0.92064397
-0.94329362
-0.96223739
-0.97740084
-0.98872440
-0.99616359
-0.99968918
-0.99928732
-0.99495959
-0.98672299
-0.97460988
-0.95866785
-0.93895953
-0.91556235
-0.88856822
-0.85808320
-0.82422705
-0.78713279
-0.74694613
-0.70382498
-0.65793873
-0.60946765
-0.55860217
-0.50554213
-0.45049598
-0.39367998
-0.33531735
-0.27563736
-0.21487448
-0.15326743
-0.09105824
-0.02849132
0.03418754
0.09673209
0.15889661
0.22043687
0.28111111
0.34068096
0.39891239
0.45557662
0.51045103
0.56332006
0.61397598
0.66221980
0.70786197
0.75072318
0.79063505
0.82744078
0.86099576
0.89116817
0.91783948
0.94090490
0.96027381
0.97587012
0.98763256
0.99551491
0.99948622
0.99953087
0.99564869
0.98785494
0.97618023
0.96067043
0.94138647
0.91840411
0.89181364
0.86171954
0.82824002
0.79150661
0.75166364
0.70886763
0.66328671
0.61509996
0.56449668
0.51167567
0.45684447
0.40021847
0.34202014
0.28247813
0.22182636
0.16030310
0.09815007
0.03561143
-0.02706711
-0.08963931
-0.15185935
-0.21348278
-0.27426751
-0.33397473
-0.39236988
-0.44922353
-0.50431234
-0.55741986
-0.60833747
-0.65686511
-0.70281215
-0.74599808
-0.78625322
-0.82341943
-0.85735070
-0.88791372
-0.91498841
-0.93846842
-0.95826150
-0.97428988
-0.98649059
-0.99481571
-0.99923253
-0.99972369
-0.99628726
-0.98893675
-0.97770103
-0.96262425
-0.94376563
-0.92119927
-0.89501381
-0.86531215
-0.83221095
-0.79584027
-0.75634300
-0.71387431
-0.66860104
-0.62070105
-0.57036253
-0.51778325
-0.46316977
-0.40673664
-0.34870558
-0.28930458
-0.22876698
-0.16733064
-0.10523691
-0.04272974
0.01994530
0.08254198
0.14481438
0.20651786
0.26740999
0.32725156
0.38580746
0.44284765
0.49814804
0.55149137
0.60266808
0.65147709
0.69772667
0.74123511
0.78183148
0.81935629
0.85366212
0.88461420
0.91209091
0.93598432
0.95620056
0.97266019
0.98529857
0.99406603
0.99892813
0.99986577
0.99687527
0.98996838
0.97917222
0.96452922
0.94609690
0.92394767
0.89816856
0.86886084
0.83613965
0.80013355
0.76098398
0.71884476
0.67388143
0.62627064
0.57619945
0.52386455
0.46947156
0.41323418
0.35537333
0.29611634
0.23569600
0.17434969
0.11231842
0.04984589
-0.01282248
-0.07544046
-0.13776207
-0.19954245
-0.26053890
-0.32051177
-0.37922546
-0.43644930
-0.49195847
-0.54553490
-0.59696810
-0.64605601
-0.69260578
-0.73643453
-0.77737007
-0.81525158
-0.84993023
-0.88126979
-0.90914712
-0.93345272
-0.95409109
-0.97098115
-0.98405654
-0.99326590
-0.99857304
-0.99995712
-0.99741269
-0.99094976
-0.98059371
-0.96638524
-0.94838015
-0.92664919
-0.90127773
-0.87236544
-0.84002592
-0.80438622
-0.76558634
-0.72377873
-0.67912763
-0.63180846
-0.58200712
-0.52991926
-0.47574953
-0.41971074
-0.36202304
-0.30291307
-0.24261305
-0.18135989
-0.11939422
-0.05695950
0.00569900
0.06833512
0.13070276
0.19255692
0.25365458
0.31375572
0.37262422
0.43002880
0.48574393
0.53955074
0.59123783
0.64060215
0.68744974
0.73159658
0.77286921
0.81110549
0.84615520
0.87788065
0.90615720
0.93087375
0.95193320
0.96925283
0.98276457
0.99241536
0.99816727
0.99999772
0.99789950
0.99188086
0.98196545
0.96819222
0.95061528
0.92930368
0.90434116
0.87582578
0.84386956
0.80859806
0.77014985
0.72867597
0.68433936
0.63731420
0.58778525
0.53594709
0.48200336
0.42616600
0.36865438
0.30969443
0.24951779
0.18836089
0.12646397
0.06407022
0.00142476
-0.06122630
-0.12363682
-0.18556162
-0.24675740
-0.30698375
-0.36600407
-0.42358647
-0.47950475
-0.53353920
-0.58547756
-0.63511577
-0.68225882
-0.72672149
-0.76832912
-0.80691824
-0.84233724
-0.87444697
-0.90312129
-0.92824754
-0.94972701
-0.96747532
-0.98142273
-0.99151446
-0.99771085
-0.99998757
-0.99833566
-0.99276162
-0.98328735
-0.96995006
-0.95280216
-0.93191101
-0.90735869
-0.87924166
-0.84767038
-0.81276888
-0.77467427
-0.73353623
-0.68951636
-0.64278761
-0.59353356
-0.54194771
-0.48823273
-0.43259964
-0.37526700
-0.31646007
-0.25640987
-0.19535232
-0.13352730
-0.07117769
-0.00854845
0.05411438
0.11656461
0.17855689
0.23984769
0.30019620
0.35936534
0.41712265
0.47324122
0.52750059
0.57968758
0.62959716
0.67703327
0.72180953
0.76375005
0.80269004
0.83847652
0.87096891
0.90003954
0.92557422
0.94747262
0.96564871
0.98003108
0.99056324
0.99720380
0.99992667
0.99872116
0.99359200
0.98455935
0.97165868
0.95494069
0.93447105
0.91033018
0.88261293
0.85142817
0.81689844
0.77915938
0.73835926
0.69465837
0.64822840
0.59925174
0.54792083
0.49443731
0.43901132
0.38186059
0.32320966
0.26328894
0.20233385
0.14058385
0.07828155
0.01567170
-0.04699971
-0.10948648
-0.17154311
-0.23292581
-0.29339342
-0.35270838
-0.41063766
-0.46695369
-0.52143520
-0.57386817
-0.62404660
-0.67177336
-0.71686094
-0.75913221
-0.79842110
-0.83457325
-0.86744664
-0.89691212
-0.92285393
-0.94517014
-0.96377310
-0.97858970
-0.98956175
-0.99664614
-0.99981503
-0.99905597
-0.99437196
-0.98578138
-0.97331799
-0.95703076
-0.93698367
-0.91325548
-0.88593940
-0.85514276
-0.82098655
-0.78360495
-0.74314483
-0.69976513
-0.65363628
-0.60493952
-0.55386614
-0.50061681
-0.44540072
-0.38843480
-0.32994284
-0.27015465
-0.20930510
-0.14763327
-0.08538143
-0.02279416
0.03988266
0.10240280
0.16452063
0.22599211
0.28657574
0.34603351
0.40413183
0.46064245
0.51534336
0.56801965
0.61846438
0.66647936
0.71187597
0.75447585
0.79411164
0.83062763
0.86388036
0.89373919
0.92008680
0.94281970
0.96184858
0.97709866
0.98851004
0.99603790
0.99965265
0.99934009
0.99510145
0.98695339
0.97492791
0.95907226
0.93944873
0.91613442
0.88922092
0.85881395
0.82503300
0.78801075
0.74789268
0.70483637
0.65901100
0.61059659
0.55978335
0.50677090
0.45176752
0.39498929
0.33665928
0.27700664
0.21626574
0.15467520
0.09247699
0.02991547
-0.03276358
-0.09531391
-0.15748979
-0.21904694
-0.27974352
-0.33934109
-0.39760549
-0.45430784
-0.50922536
-0.56214230
-0.61285076
-0.66115154
-0.70685487
-0.74978120
-0.78976189
-0.82663986
-0.86027024
-0.89052090
-0.91727299
-0.94042142
-0.95987524
-0.97555803
-0.98740817
-0.99537911
-0.99943954
-0.99957349
-0.99578045
-0.98807531
-0.97648835
-0.96106509
-0.94186612
-0.91896687
-0.89245730
-0.86244156
-0.82903757
-0.79237657
-0.75260257
-0.70987185
-0.66435228
-0.61622268
-0.56567215
-0.51289928
-0.45811139
-0.40152374
-0.34335863
-0.28384458
-0.22321540
-0.16170927
-0.09956785
-0.03703525
0.02564284
0.08822020
0.15045096
0.21209065
0.27289711
0.33263144
0.39105898
0.44795017
0.50308151
0.55623642
0.60720605
0.65579017
0.70179790
0.74504850
0.78537206
0.82261014
0.85661646
0.88725741
0.91441262
0.93797541
0.95785320
0.97396789
0.98625619
0.99466981
0.99917571
0.99975616
0.99640891
0.98914709
0.97799924
0.96300915
0.94423572
0.92175269
0.89564840
0.86602540
0.83300008
0.79670217
0.75727428
0.71487130
0.66965984
0.62181750
0.57153224
0.51900162
0.46443202
0.40803781
0.35004056
0.29066811
0.23015373
0.16873514
0.10665365
0.04415316
-0.01852080
-0.08112200
-0.14340450
-0.20512360
-0.26603685
-0.32590492
-0.38449262
-0.44156977
-0.49691214
-0.55030231
-0.60153052
-0.65039551
-0.69670532
-0.74027800
-0.78094237
-0.81853867
-0.85291921
-0.88394890
-0.91150585
-0.93548180
-0.95578254
-0.97232833
-0.98505416
-0.99391004
-0.99886117
-0.99988810
-0.99698680
-0.99016867
-0.97946050
-0.96490434
-0.94655739
-0.92449173
-0.89879405
-0.86956530
-0.83692031
-0.80098734
-0.76190755
-0.71983448
-0.67493341
-0.62738076
-0.57736333
-0.52507763
-0.47072907
-0.41453118
-0.35670472
-0.29747690
-0.23708038
-0.17575245
-0.11373405
-0.05126882
0.01139782
0.07401969
0.13635075
0.19814614
0.25916308
0.31916185
0.37790674
0.43516696
0.49071755
0.54434027
0.59582446
0.64496785
0.69157738
0.73546992
0.77647305
0.81442566
0.84917867
0.88059553
0.90855282
0.93294071
0.95366338
0.97063942
0.98380214
0.99309982
0.99849594
0.99996930
0.99751410
0.99114001
0.98087204
0.96675056
0.94883103
0.92718385
0.90189408
0.87306106
0.84079807
0.80523186
0.76650216
0.72476112
0.68017274
0.63291218
0.58316512
0.53112699
0.47700224
0.42100351
0.36335079
0.30427058
0.24399500
0.18276084
0.12080867
0.05838189
-0.00427426
-0.06691362
-0.12929009
-0.19115863
-0.25227617
-0.31240259
-0.37130169
-0.42874207
-0.48449806
-0.53835062
-0.59008817
-0.63950746
-0.68641434
-0.73062452
-0.77196432
-0.81027132
-0.84539504
-0.87719747
-0.90555369
-0.93035228
-0.95149583
-0.96890126
-0.98250019
-0.99223921
-0.99808004
-0.99999975
-0.99799078
-0.99206104
-0.98223382
-0.96854772
-0.95105652
-0.92982893
-0.90494834
-0.87651251
-0.84463316
-0.80943552
-0.77105787
-0.72965098
-0.68537754
-0.63841148
-0.58893731
-0.53714940
-0.48325120
-0.42745447
-0.36997841
-0.31104883
-0.25089723
-0.18975995
-0.12787716
-0.06549199
-0.00284951
0.05980415
0.12222287
0.18416141
0.24537645
0.30562748
0.36467780
0.42229542
0.47825398
0.53233364
0.58432193
0.63401462
0.68121647
0.72574204
0.76741642
0.80607587
0.84156851
0.87375490
0.90250860
0.92771664
0.94927998
0.96711392
0.98114838
0.99132824
0.99761349
0.99997945
0.99841681
0.99293173
0.98354574
0.97029573
0.95323374
0.93242681
0.90795668
0.87991949
0.84842538
0.81359809
0.77557445
0.73450382
0.69054757
0.64387839
0.59467961
0.54314454
0.48947564
0.43388374
0.37658726
0.31781129
0.25778674
0.19674943
0.13493916
0.07259876
0.00997314
-0.05269165
-0.11514945
-0.17715485
-0.23846428
-0.29883685
-0.35803540
-0.41582734
-0.47198563
-0.52628964
-0.57852604
-0.62848960
-0.67598403
-0.72082274
-0.76282957
-0.80183950
-0.83769926
-0.87026798
-0.89941771
-0.92503391
-0.94701597
-0.96527750
-0.97974678
-0.99036696
-0.99709631
-0.99990840
-0.99879218
-0.99375203
-0.98480775
-0.97199449
-0.95536259
-0.93497737
-0.91091894
-0.88328181
-0.85217455
-0.81771939
-0.78005167
-0.73931938
-0.69568255
-0.64931261
-0.60039174
-0.54911213
-0.49567523
-0.44029099
-0.38317699
-0.32455762
-0.26466316
-0.20372893
